1,1,1,1,2,2,1,2,2,g1
1,1,1,1,2,2,2,1,2,g1
1,1,1,1,2,2,2,2,1,g1
1,1,1,1,2,2,2,3,3,g1
1,1,1,1,2,2,3,2,3,g1
1,1,1,1,2,2,3,3,2,g1
1,1,1,1,2,3,2,2,3,g1
1,1,1,1,2,3,2,3,2,g1
1,1,1,1,2,3,3,2,2,g1
1,1,1,1,3,2,2,2,3,g1
1,1,1,1,3,2,2,3,2,g1
1,1,1,1,3,2,3,2,2,g1
1,1,1,2,1,2,1,2,2,g1
1,1,1,2,1,2,2,1,2,g1
1,1,1,2,1,2,2,2,1,g1
1,1,1,2,1,2,2,3,3,g1
1,1,1,2,1,2,3,2,3,g1
1,1,1,2,1,2,3,3,2,g1
1,1,1,2,1,3,2,2,3,g1
1,1,1,2,1,3,2,3,2,g1
1,1,1,2,1,3,3,2,2,g1
1,1,1,2,2,1,1,2,2,g1
1,1,1,2,2,1,2,1,2,g1
1,1,1,2,2,1,2,2,1,g1
1,1,1,2,2,1,2,3,3,g1
1,1,1,2,2,1,3,2,3,g1
1,1,1,2,2,1,3,3,2,g1
1,1,1,2,2,3,1,2,3,g1
1,1,1,2,2,3,1,3,2,g1
1,1,1,2,2,3,2,1,3,g1
1,1,1,2,2,3,2,3,1,g1
1,1,1,2,2,3,3,1,2,g1
1,1,1,2,2,3,3,2,1,g1
1,1,1,2,2,3,3,3,3,g1
1,1,1,2,3,1,2,2,3,g1
1,1,1,2,3,1,2,3,2,g1
1,1,1,2,3,1,3,2,2,g1
1,1,1,2,3,2,1,2,3,g1
1,1,1,2,3,2,1,3,2,g1
1,1,1,2,3,2,2,1,3,g1
1,1,1,2,3,2,2,3,1,g1
1,1,1,2,3,2,3,1,2,g1
1,1,1,2,3,2,3,2,1,g1
1,1,1,2,3,2,3,3,3,g1
1,1,1,2,3,3,1,2,2,g1
1,1,1,2,3,3,2,1,2,g1
1,1,1,2,3,3,2,2,1,g1
1,1,1,2,3,3,2,3,3,g1
1,1,1,2,3,3,3,2,3,g1
1,1,1,2,3,3,3,3,2,g1
1,1,1,3,1,2,2,2,3,g1
1,1,1,3,1,2,2,3,2,g1
1,1,1,3,1,2,3,2,2,g1
1,1,1,3,2,1,2,2,3,g1
1,1,1,3,2,1,2,3,2,g1
1,1,1,3,2,1,3,2,2,g1
1,1,1,3,2,2,1,2,3,g1
1,1,1,3,2,2,1,3,2,g1
1,1,1,3,2,2,2,1,3,g1
1,1,1,3,2,2,2,3,1,g1
1,1,1,3,2,2,3,1,2,g1
1,1,1,3,2,2,3,2,1,g1
1,1,1,3,2,2,3,3,3,g1
1,1,1,3,2,3,1,2,2,g1
1,1,1,3,2,3,2,1,2,g1
1,1,1,3,2,3,2,2,1,g1
1,1,1,3,2,3,2,3,3,g1
1,1,1,3,2,3,3,2,3,g1
1,1,1,3,2,3,3,3,2,g1
1,1,1,3,3,2,1,2,2,g1
1,1,1,3,3,2,2,1,2,g1
1,1,1,3,3,2,2,2,1,g1
1,1,1,3,3,2,2,3,3,g1
1,1,1,3,3,2,3,2,3,g1
1,1,1,3,3,2,3,3,2,g1
1,1,1,3,3,3,2,2,3,g1
1,1,1,3,3,3,2,3,2,g1
1,1,1,3,3,3,3,2,2,g1
1,1,2,1,1,2,2,2,1,g1
1,1,2,1,2,1,1,2,2,g1
1,1,2,1,2,2,1,2,1,g1
1,1,2,1,2,2,1,3,3,g1
1,1,2,1,2,3,1,2,3,g1
1,1,2,1,2,3,1,3,2,g1
1,1,2,1,3,2,1,2,3,g1
1,1,2,1,3,3,1,2,2,g1
1,1,2,2,1,1,2,1,2,g1
1,1,2,2,1,1,2,2,1,g1
1,1,2,2,1,2,1,2,1,g1
1,1,2,2,1,2,2,1,1,g1
1,1,2,2,1,2,3,1,3,g1
1,1,2,2,1,2,3,3,1,g1
1,1,2,2,1,3,2,1,3,g1
1,1,2,2,1,3,2,3,1,g1
1,1,2,2,1,3,3,1,2,g1
1,1,2,2,1,3,3,2,1,g1
1,1,2,3,1,2,2,1,3,g1
1,1,2,3,1,2,2,3,1,g1
1,1,2,3,1,2,3,2,1,g1
1,1,2,3,1,3,2,1,2,g1
1,1,2,3,1,3,2,2,1,g1
1,1,3,1,2,2,1,2,3,g1
1,1,3,1,2,2,1,3,2,g1
1,1,3,1,2,3,1,2,2,g1
1,1,3,1,3,2,1,2,2,g1
1,1,3,2,1,2,2,1,3,g1
1,1,3,2,1,2,2,3,1,g1
1,1,3,2,1,2,3,1,2,g1
1,1,3,2,1,2,3,2,1,g1
1,1,3,2,1,3,2,1,2,g1
1,1,3,2,1,3,2,2,1,g1
1,1,3,3,1,2,2,1,2,g1
1,1,3,3,1,2,2,2,1,g1
1,2,1,1,1,2,1,2,2,g1
1,2,1,1,1,2,2,2,1,g1
1,2,1,1,2,2,1,1,2,g1
1,2,1,1,2,2,1,3,3,g1
1,2,1,1,2,3,1,3,2,g1
1,2,1,1,3,2,1,2,3,g1
1,2,1,1,3,2,1,3,2,g1
1,2,1,1,3,3,1,2,2,g1
1,2,1,2,1,1,1,2,2,g1
1,2,1,2,1,1,2,2,1,g1
1,2,1,2,1,2,1,1,2,g1
1,2,1,2,1,2,1,2,1,g1
1,2,1,2,1,2,1,3,3,g1
1,2,1,2,1,2,2,1,1,g1
1,2,1,2,1,2,3,3,1,g1
1,2,1,2,1,3,1,2,3,g1
1,2,1,2,1,3,1,3,2,g1
1,2,1,2,1,3,2,3,1,g1
1,2,1,2,1,3,3,2,1,g1
1,2,1,2,2,1,2,1,1,g1
1,2,1,2,2,1,3,3,1,g1
1,2,1,2,3,1,2,3,1,g1
1,2,1,2,3,1,3,2,1,g1
1,2,1,3,1,2,1,2,3,g1
1,2,1,3,1,2,1,3,2,g1
1,2,1,3,1,2,2,3,1,g1
1,2,1,3,1,2,3,2,1,g1
1,2,1,3,1,3,1,2,2,g1
1,2,1,3,1,3,2,2,1,g1
1,2,1,3,2,1,2,3,1,g1
1,2,1,3,3,1,2,2,1,g1
1,2,2,1,1,1,1,2,2,g1
1,2,2,1,1,1,2,1,2,g1
1,2,2,1,1,1,2,2,1,g1
1,2,2,1,1,1,2,3,3,g1
1,2,2,1,1,1,3,2,3,g1
1,2,2,1,1,1,3,3,2,g1
1,2,2,1,1,2,1,2,1,g1
1,2,2,1,1,2,1,3,3,g1
1,2,2,1,1,2,2,1,1,g1
1,2,2,1,1,2,3,3,1,g1
1,2,2,1,1,3,1,2,3,g1
1,2,2,1,1,3,1,3,2,g1
1,2,2,1,1,3,2,3,1,g1
1,2,2,1,1,3,3,2,1,g1
1,2,2,1,2,1,1,1,2,g1
1,2,2,1,2,1,1,3,3,g1
1,2,2,1,2,2,1,1,1,g1
1,2,2,1,2,3,1,1,3,g1
1,2,2,1,2,3,1,3,1,g1
1,2,2,1,3,1,1,2,3,g1
1,2,2,1,3,1,1,3,2,g1
1,2,2,1,3,2,1,1,3,g1
1,2,2,1,3,2,1,3,1,g1
1,2,2,1,3,3,1,1,2,g1
1,2,2,1,3,3,1,2,1,g1
1,2,2,1,3,3,1,3,3,g1
1,2,2,2,1,1,1,2,1,g1
1,2,2,2,1,1,2,1,1,g1
1,2,2,2,1,1,3,3,1,g1
1,2,2,2,1,2,1,1,1,g1
1,2,2,2,1,3,1,3,1,g1
1,2,2,2,1,3,3,1,1,g1
1,2,2,2,2,1,1,1,1,g1
1,2,2,2,3,3,1,1,1,g1
1,2,2,3,1,1,2,3,1,g1
1,2,2,3,1,1,3,2,1,g1
1,2,2,3,1,2,1,3,1,g1
1,2,2,3,1,2,3,1,1,g1
1,2,2,3,1,3,1,2,1,g1
1,2,2,3,1,3,2,1,1,g1
1,2,2,3,1,3,3,3,1,g1
1,2,2,3,2,3,1,1,1,g1
1,2,2,3,3,2,1,1,1,g1
1,2,3,1,1,1,2,2,3,g1
1,2,3,1,1,1,2,3,2,g1
1,2,3,1,1,1,3,2,2,g1
1,2,3,1,1,2,1,2,3,g1
1,2,3,1,1,2,1,3,2,g1
1,2,3,1,1,2,2,3,1,g1
1,2,3,1,1,2,3,2,1,g1
1,2,3,1,1,3,1,2,2,g1
1,2,3,1,1,3,2,2,1,g1
1,2,3,1,2,1,1,3,2,g1
1,2,3,1,2,2,1,1,3,g1
1,2,3,1,2,2,1,3,1,g1
1,2,3,1,2,3,1,1,2,g1
1,2,3,1,2,3,1,3,3,g1
1,2,3,1,3,1,1,2,2,g1
1,2,3,1,3,2,1,1,2,g1
1,2,3,1,3,2,1,2,1,g1
1,2,3,1,3,2,1,3,3,g1
1,2,3,1,3,3,1,2,3,g1
1,2,3,1,3,3,1,3,2,g1
1,2,3,2,1,1,2,3,1,g1
1,2,3,2,1,1,3,2,1,g1
1,2,3,2,1,2,1,3,1,g1
1,2,3,2,1,2,3,1,1,g1
1,2,3,2,1,3,1,2,1,g1
1,2,3,2,1,3,2,1,1,g1
1,2,3,2,1,3,3,3,1,g1
1,2,3,2,2,3,1,1,1,g1
1,2,3,2,3,2,1,1,1,g1
1,2,3,3,1,1,2,2,1,g1
1,2,3,3,1,2,1,2,1,g1
1,2,3,3,1,2,2,1,1,g1
1,2,3,3,1,2,3,3,1,g1
1,2,3,3,1,3,2,3,1,g1
1,2,3,3,1,3,3,2,1,g1
1,2,3,3,2,2,1,1,1,g1
1,3,1,1,2,2,1,2,3,g1
1,3,1,1,2,2,1,3,2,g1
1,3,1,1,2,3,1,2,2,g1
1,3,1,1,3,2,1,2,2,g1
1,3,1,2,1,2,1,2,3,g1
1,3,1,2,1,2,1,3,2,g1
1,3,1,2,1,2,2,3,1,g1
1,3,1,2,1,2,3,2,1,g1
1,3,1,2,1,3,1,2,2,g1
1,3,1,2,1,3,2,2,1,g1
1,3,1,2,2,1,2,3,1,g1
1,3,1,2,2,1,3,2,1,g1
1,3,1,2,3,1,2,2,1,g1
1,3,1,3,1,2,1,2,2,g1
1,3,1,3,1,2,2,2,1,g1
1,3,1,3,2,1,2,2,1,g1
1,3,2,1,1,1,2,2,3,g1
1,3,2,1,1,1,2,3,2,g1
1,3,2,1,1,1,3,2,2,g1
1,3,2,1,1,2,1,2,3,g1
1,3,2,1,1,2,2,3,1,g1
1,3,2,1,1,2,3,2,1,g1
1,3,2,1,1,3,1,2,2,g1
1,3,2,1,1,3,2,2,1,g1
1,3,2,1,2,1,1,2,3,g1
1,3,2,1,2,1,1,3,2,g1
1,3,2,1,2,2,1,1,3,g1
1,3,2,1,2,2,1,3,1,g1
1,3,2,1,2,3,1,1,2,g1
1,3,2,1,2,3,1,2,1,g1
1,3,2,1,2,3,1,3,3,g1
1,3,2,1,3,1,1,2,2,g1
1,3,2,1,3,2,1,2,1,g1
1,3,2,1,3,2,1,3,3,g1
1,3,2,1,3,3,1,2,3,g1
1,3,2,1,3,3,1,3,2,g1
1,3,2,2,1,1,2,3,1,g1
1,3,2,2,1,1,3,2,1,g1
1,3,2,2,1,2,1,3,1,g1
1,3,2,2,1,2,3,1,1,g1
1,3,2,2,1,3,1,2,1,g1
1,3,2,2,1,3,2,1,1,g1
1,3,2,2,1,3,3,3,1,g1
1,3,2,2,2,3,1,1,1,g1
1,3,2,2,3,2,1,1,1,g1
1,3,2,3,1,1,2,2,1,g1
1,3,2,3,1,2,1,2,1,g1
1,3,2,3,1,2,2,1,1,g1
1,3,2,3,1,2,3,3,1,g1
1,3,2,3,1,3,2,3,1,g1
1,3,2,3,1,3,3,2,1,g1
1,3,2,3,2,2,1,1,1,g1
1,3,3,1,1,2,1,2,2,g1
1,3,3,1,1,2,2,2,1,g1
1,3,3,1,2,1,1,2,2,g1
1,3,3,1,2,2,1,1,2,g1
1,3,3,1,2,2,1,2,1,g1
1,3,3,1,2,2,1,3,3,g1
1,3,3,1,2,3,1,2,3,g1
1,3,3,1,2,3,1,3,2,g1
1,3,3,1,3,2,1,2,3,g1
1,3,3,1,3,2,1,3,2,g1
1,3,3,1,3,3,1,2,2,g1
1,3,3,2,1,1,2,2,1,g1
1,3,3,2,1,2,1,2,1,g1
1,3,3,2,1,2,2,1,1,g1
1,3,3,2,1,2,3,3,1,g1
1,3,3,2,1,3,2,3,1,g1
1,3,3,2,1,3,3,2,1,g1
1,3,3,3,1,2,2,3,1,g1
1,3,3,3,1,2,3,2,1,g1
1,3,3,3,1,3,2,2,1,g1
2,1,1,1,1,2,1,2,2,g1
2,1,1,1,1,2,2,1,2,g1
2,1,1,1,2,1,2,2,1,g1
2,1,1,2,1,1,1,2,2,g1
2,1,1,2,1,2,1,1,2,g1
2,1,1,2,1,2,1,2,1,g1
2,1,1,2,1,2,1,3,3,g1
2,1,1,2,1,2,3,1,3,g1
2,1,1,2,1,3,1,2,3,g1
2,1,1,2,1,3,1,3,2,g1
2,1,1,2,1,3,3,1,2,g1
2,1,1,2,2,1,1,2,1,g1
2,1,1,2,2,1,3,3,1,g1
2,1,1,2,3,1,3,2,1,g1
2,1,1,3,1,2,1,2,3,g1
2,1,1,3,1,2,1,3,2,g1
2,1,1,3,1,2,2,1,3,g1
2,1,1,3,1,2,3,1,2,g1
2,1,1,3,1,3,1,2,2,g1
2,1,1,3,1,3,2,1,2,g1
2,1,1,3,2,1,2,3,1,g1
2,1,1,3,2,1,3,2,1,g1
2,1,1,3,3,1,2,2,1,g1
2,1,2,1,1,1,1,2,2,g1
2,1,2,1,1,1,2,1,2,g1
2,1,2,1,1,1,2,2,1,g1
2,1,2,1,1,1,2,3,3,g1
2,1,2,1,1,1,3,2,3,g1
2,1,2,1,1,1,3,3,2,g1
2,1,2,1,1,2,2,1,1,g1
2,1,2,1,1,2,3,1,3,g1
2,1,2,1,1,3,2,1,3,g1
2,1,2,1,1,3,3,1,2,g1
2,1,2,1,2,2,1,1,1,g1
2,1,2,2,1,1,1,1,2,g1
2,1,2,2,1,1,3,1,3,g1
2,1,2,2,1,2,1,1,1,g1
2,1,2,2,1,3,1,1,3,g1
2,1,2,2,1,3,3,1,1,g1
2,1,2,2,2,1,1,1,1,g1
2,1,2,2,3,3,1,1,1,g1
2,1,2,3,1,1,2,1,3,g1
2,1,2,3,1,1,3,1,2,g1
2,1,2,3,1,2,1,1,3,g1
2,1,2,3,1,2,3,1,1,g1
2,1,2,3,1,3,1,1,2,g1
2,1,2,3,1,3,2,1,1,g1
2,1,2,3,1,3,3,1,3,g1
2,1,2,3,2,3,1,1,1,g1
2,1,2,3,3,2,1,1,1,g1
2,1,3,1,1,1,2,2,3,g1
2,1,3,1,1,1,2,3,2,g1
2,1,3,1,1,1,3,2,2,g1
2,1,3,1,1,2,2,1,3,g1
2,1,3,1,1,2,3,1,2,g1
2,1,3,1,1,3,2,1,2,g1
2,1,3,2,1,1,3,1,2,g1
2,1,3,2,1,2,1,1,3,g1
2,1,3,2,1,2,3,1,1,g1
2,1,3,2,1,3,1,1,2,g1
2,1,3,2,1,3,3,1,3,g1
2,1,3,2,2,3,1,1,1,g1
2,1,3,2,3,2,1,1,1,g1
2,1,3,3,1,1,2,1,2,g1
2,1,3,3,1,2,1,1,2,g1
2,1,3,3,1,2,2,1,1,g1
2,1,3,3,1,2,3,1,3,g1
2,1,3,3,1,3,2,1,3,g1
2,1,3,3,1,3,3,1,2,g1
2,1,3,3,2,2,1,1,1,g1
2,2,1,1,1,1,1,2,2,g1
2,2,1,1,1,1,2,1,2,g1
2,2,1,1,1,1,2,2,1,g1
2,2,1,1,1,1,2,3,3,g1
2,2,1,1,1,1,3,2,3,g1
2,2,1,1,1,1,3,3,2,g1
2,2,1,1,1,2,1,1,2,g1
2,2,1,1,1,2,1,2,1,g1
2,2,1,1,1,2,1,3,3,g1
2,2,1,1,1,3,1,2,3,g1
2,2,1,1,1,3,1,3,2,g1
2,2,1,1,2,1,2,1,1,g1
2,2,1,1,2,1,3,3,1,g1
2,2,1,1,2,2,1,1,1,g1
2,2,1,1,3,1,2,3,1,g1
2,2,1,1,3,1,3,2,1,g1
2,2,1,2,1,1,1,1,2,g1
2,2,1,2,1,1,1,2,1,g1
2,2,1,2,1,1,1,3,3,g1
2,2,1,2,1,1,3,3,1,g1
2,2,1,2,1,2,1,1,1,g1
2,2,1,2,1,3,1,1,3,g1
2,2,1,2,1,3,1,3,1,g1
2,2,1,2,2,1,1,1,1,g1
2,2,1,2,3,1,1,3,1,g1
2,2,1,2,3,1,3,1,1,g1
2,2,1,2,3,3,1,1,1,g1
2,2,1,3,1,1,1,2,3,g1
2,2,1,3,1,1,1,3,2,g1
2,2,1,3,1,1,2,3,1,g1
2,2,1,3,1,1,3,2,1,g1
2,2,1,3,1,2,1,1,3,g1
2,2,1,3,1,2,1,3,1,g1
2,2,1,3,1,3,1,1,2,g1
2,2,1,3,1,3,1,2,1,g1
2,2,1,3,1,3,1,3,3,g1
2,2,1,3,2,1,1,3,1,g1
2,2,1,3,2,1,3,1,1,g1
2,2,1,3,2,3,1,1,1,g1
2,2,1,3,3,1,1,2,1,g1
2,2,1,3,3,1,2,1,1,g1
2,2,1,3,3,1,3,3,1,g1
2,2,1,3,3,2,1,1,1,g1
2,2,3,1,1,1,1,2,3,g1
2,2,3,1,1,1,1,3,2,g1
2,2,3,1,1,1,2,1,3,g1
2,2,3,1,1,1,2,3,1,g1
2,2,3,1,1,1,3,1,2,g1
2,2,3,1,1,1,3,2,1,g1
2,2,3,1,1,1,3,3,3,g1
2,2,3,1,2,3,1,1,1,g1
2,2,3,1,3,2,1,1,1,g1
2,2,3,2,1,3,1,1,1,g1
2,2,3,2,3,1,1,1,1,g1
2,2,3,3,1,2,1,1,1,g1
2,2,3,3,2,1,1,1,1,g1
2,2,3,3,3,3,1,1,1,g1
2,3,1,1,1,1,2,2,3,g1
2,3,1,1,1,1,2,3,2,g1
2,3,1,1,1,1,3,2,2,g1
2,3,1,1,1,2,1,2,3,g1
2,3,1,1,1,2,1,3,2,g1
2,3,1,1,1,3,1,2,2,g1
2,3,1,1,2,1,2,3,1,g1
2,3,1,1,2,1,3,2,1,g1
2,3,1,1,3,1,2,2,1,g1
2,3,1,2,1,1,1,2,3,g1
2,3,1,2,1,1,1,3,2,g1
2,3,1,2,1,1,3,2,1,g1
2,3,1,2,1,2,1,1,3,g1
2,3,1,2,1,2,1,3,1,g1
2,3,1,2,1,3,1,1,2,g1
2,3,1,2,1,3,1,2,1,g1
2,3,1,2,1,3,1,3,3,g1
2,3,1,2,2,1,1,3,1,g1
2,3,1,2,2,1,3,1,1,g1
2,3,1,2,2,3,1,1,1,g1
2,3,1,2,3,1,1,2,1,g1
2,3,1,2,3,1,3,3,1,g1
2,3,1,2,3,2,1,1,1,g1
2,3,1,3,1,1,1,2,2,g1
2,3,1,3,1,1,2,2,1,g1
2,3,1,3,1,2,1,1,2,g1
2,3,1,3,1,2,1,2,1,g1
2,3,1,3,1,2,1,3,3,g1
2,3,1,3,1,3,1,2,3,g1
2,3,1,3,1,3,1,3,2,g1
2,3,1,3,2,1,1,2,1,g1
2,3,1,3,2,1,2,1,1,g1
2,3,1,3,2,1,3,3,1,g1
2,3,1,3,2,2,1,1,1,g1
2,3,1,3,3,1,2,3,1,g1
2,3,1,3,3,1,3,2,1,g1
2,3,2,1,1,1,1,2,3,g1
2,3,2,1,1,1,1,3,2,g1
2,3,2,1,1,1,2,1,3,g1
2,3,2,1,1,1,2,3,1,g1
2,3,2,1,1,1,3,1,2,g1
2,3,2,1,1,1,3,2,1,g1
2,3,2,1,1,1,3,3,3,g1
2,3,2,1,2,3,1,1,1,g1
2,3,2,1,3,2,1,1,1,g1
2,3,2,2,1,3,1,1,1,g1
2,3,2,2,3,1,1,1,1,g1
2,3,2,3,1,2,1,1,1,g1
2,3,2,3,2,1,1,1,1,g1
2,3,2,3,3,3,1,1,1,g1
2,3,3,1,1,1,1,2,2,g1
2,3,3,1,1,1,2,1,2,g1
2,3,3,1,1,1,2,2,1,g1
2,3,3,1,1,1,2,3,3,g1
2,3,3,1,1,1,3,2,3,g1
2,3,3,1,1,1,3,3,2,g1
2,3,3,1,2,2,1,1,1,g1
2,3,3,2,1,2,1,1,1,g1
2,3,3,2,2,1,1,1,1,g1
2,3,3,2,3,3,1,1,1,g1
2,3,3,3,2,3,1,1,1,g1
2,3,3,3,3,2,1,1,1,g1
3,1,1,2,1,2,1,2,3,g1
3,1,1,2,1,2,1,3,2,g1
3,1,1,2,1,2,2,1,3,g1
3,1,1,2,1,2,3,1,2,g1
3,1,1,2,1,3,1,2,2,g1
3,1,1,2,1,3,2,1,2,g1
3,1,1,2,2,1,2,3,1,g1
3,1,1,2,2,1,3,2,1,g1
3,1,1,2,3,1,2,2,1,g1
3,1,1,3,1,2,1,2,2,g1
3,1,1,3,1,2,2,1,2,g1
3,1,1,3,2,1,2,2,1,g1
3,1,2,1,1,1,2,2,3,g1
3,1,2,1,1,1,2,3,2,g1
3,1,2,1,1,1,3,2,2,g1
3,1,2,1,1,2,2,1,3,g1
3,1,2,1,1,3,2,1,2,g1
3,1,2,2,1,1,2,1,3,g1
3,1,2,2,1,1,3,1,2,g1
3,1,2,2,1,2,1,1,3,g1
3,1,2,2,1,2,3,1,1,g1
3,1,2,2,1,3,1,1,2,g1
3,1,2,2,1,3,2,1,1,g1
3,1,2,2,1,3,3,1,3,g1
3,1,2,2,2,3,1,1,1,g1
3,1,2,2,3,2,1,1,1,g1
3,1,2,3,1,1,2,1,2,g1
3,1,2,3,1,2,2,1,1,g1
3,1,2,3,1,2,3,1,3,g1
3,1,2,3,1,3,2,1,3,g1
3,1,2,3,1,3,3,1,2,g1
3,1,2,3,2,2,1,1,1,g1
3,1,3,1,1,2,2,1,2,g1
3,1,3,2,1,1,2,1,2,g1
3,1,3,2,1,2,1,1,2,g1
3,1,3,2,1,2,2,1,1,g1
3,1,3,2,1,2,3,1,3,g1
3,1,3,2,1,3,2,1,3,g1
3,1,3,2,1,3,3,1,2,g1
3,1,3,3,1,2,2,1,3,g1
3,1,3,3,1,2,3,1,2,g1
3,1,3,3,1,3,2,1,2,g1
3,2,1,1,1,1,2,2,3,g1
3,2,1,1,1,1,2,3,2,g1
3,2,1,1,1,1,3,2,2,g1
3,2,1,1,1,2,1,2,3,g1
3,2,1,1,1,2,1,3,2,g1
3,2,1,1,1,3,1,2,2,g1
3,2,1,1,2,1,2,3,1,g1
3,2,1,1,3,1,2,2,1,g1
3,2,1,2,1,1,1,2,3,g1
3,2,1,2,1,1,1,3,2,g1
3,2,1,2,1,1,2,3,1,g1
3,2,1,2,1,1,3,2,1,g1
3,2,1,2,1,2,1,1,3,g1
3,2,1,2,1,2,1,3,1,g1
3,2,1,2,1,3,1,1,2,g1
3,2,1,2,1,3,1,2,1,g1
3,2,1,2,1,3,1,3,3,g1
3,2,1,2,2,1,1,3,1,g1
3,2,1,2,2,1,3,1,1,g1
3,2,1,2,2,3,1,1,1,g1
3,2,1,2,3,1,1,2,1,g1
3,2,1,2,3,1,2,1,1,g1
3,2,1,2,3,1,3,3,1,g1
3,2,1,2,3,2,1,1,1,g1
3,2,1,3,1,1,1,2,2,g1
3,2,1,3,1,1,2,2,1,g1
3,2,1,3,1,2,1,1,2,g1
3,2,1,3,1,2,1,2,1,g1
3,2,1,3,1,2,1,3,3,g1
3,2,1,3,1,3,1,2,3,g1
3,2,1,3,1,3,1,3,2,g1
3,2,1,3,2,1,2,1,1,g1
3,2,1,3,2,1,3,3,1,g1
3,2,1,3,2,2,1,1,1,g1
3,2,1,3,3,1,2,3,1,g1
3,2,1,3,3,1,3,2,1,g1
3,2,2,1,1,1,1,2,3,g1
3,2,2,1,1,1,1,3,2,g1
3,2,2,1,1,1,2,1,3,g1
3,2,2,1,1,1,2,3,1,g1
3,2,2,1,1,1,3,1,2,g1
3,2,2,1,1,1,3,2,1,g1
3,2,2,1,1,1,3,3,3,g1
3,2,2,1,2,3,1,1,1,g1
3,2,2,1,3,2,1,1,1,g1
3,2,2,2,1,3,1,1,1,g1
3,2,2,2,3,1,1,1,1,g1
3,2,2,3,1,2,1,1,1,g1
3,2,2,3,2,1,1,1,1,g1
3,2,2,3,3,3,1,1,1,g1
3,2,3,1,1,1,1,2,2,g1
3,2,3,1,1,1,2,1,2,g1
3,2,3,1,1,1,2,2,1,g1
3,2,3,1,1,1,2,3,3,g1
3,2,3,1,1,1,3,2,3,g1
3,2,3,1,1,1,3,3,2,g1
3,2,3,1,2,2,1,1,1,g1
3,2,3,2,1,2,1,1,1,g1
3,2,3,2,2,1,1,1,1,g1
3,2,3,2,3,3,1,1,1,g1
3,2,3,3,2,3,1,1,1,g1
3,2,3,3,3,2,1,1,1,g1
3,3,1,1,1,2,1,2,2,g1
3,3,1,1,2,1,2,2,1,g1
3,3,1,2,1,1,1,2,2,g1
3,3,1,2,1,1,2,2,1,g1
3,3,1,2,1,2,1,1,2,g1
3,3,1,2,1,2,1,2,1,g1
3,3,1,2,1,2,1,3,3,g1
3,3,1,2,1,3,1,2,3,g1
3,3,1,2,1,3,1,3,2,g1
3,3,1,2,2,1,1,2,1,g1
3,3,1,2,2,1,2,1,1,g1
3,3,1,2,2,1,3,3,1,g1
3,3,1,2,3,1,2,3,1,g1
3,3,1,2,3,1,3,2,1,g1
3,3,1,3,1,2,1,2,3,g1
3,3,1,3,1,2,1,3,2,g1
3,3,1,3,1,3,1,2,2,g1
3,3,1,3,2,1,2,3,1,g1
3,3,1,3,2,1,3,2,1,g1
3,3,1,3,3,1,2,2,1,g1
3,3,2,1,1,1,1,2,2,g1
3,3,2,1,1,1,2,1,2,g1
3,3,2,1,1,1,2,2,1,g1
3,3,2,1,1,1,2,3,3,g1
3,3,2,1,1,1,3,2,3,g1
3,3,2,1,1,1,3,3,2,g1
3,3,2,1,2,2,1,1,1,g1
3,3,2,2,1,2,1,1,1,g1
3,3,2,2,2,1,1,1,1,g1
3,3,2,2,3,3,1,1,1,g1
3,3,2,3,2,3,1,1,1,g1
3,3,2,3,3,2,1,1,1,g1
3,3,3,1,1,1,2,2,3,g1
3,3,3,1,1,1,2,3,2,g1
3,3,3,1,1,1,3,2,2,g1
3,3,3,2,2,3,1,1,1,g1
3,3,3,2,3,2,1,1,1,g1
3,3,3,3,2,2,1,1,1,g1
1,1,2,1,1,2,2,3,2,g2
1,1,2,1,1,2,3,2,2,g2
1,1,2,1,1,3,2,2,2,g2
1,1,2,1,2,1,2,2,3,g2
1,1,2,1,2,1,2,3,2,g2
1,1,2,1,2,2,2,1,3,g2
1,1,2,1,2,2,2,3,1,g2
1,1,2,1,2,2,3,1,2,g2
1,1,2,1,2,3,2,1,2,g2
1,1,2,1,2,3,2,2,1,g2
1,1,2,1,2,3,2,3,3,g2
1,1,2,1,3,1,2,2,2,g2
1,1,2,1,3,2,2,1,2,g2
1,1,2,1,3,2,3,3,2,g2
1,1,2,2,1,2,1,3,2,g2
1,1,2,2,2,1,2,1,3,g2
1,1,2,2,2,1,2,3,1,g2
1,1,2,2,2,2,1,1,3,g2
1,1,2,2,2,2,1,3,1,g2
1,1,2,2,2,2,3,1,1,g2
1,1,2,2,2,3,2,1,1,g2
1,1,2,2,3,2,1,1,2,g2
1,1,2,3,1,1,2,2,2,g2
1,1,2,3,1,2,1,2,2,g2
1,1,2,3,1,2,3,3,2,g2
1,1,2,3,2,1,2,1,2,g2
1,1,2,3,2,1,2,2,1,g2
1,1,2,3,2,1,2,3,3,g2
1,1,2,3,2,2,1,1,2,g2
1,1,2,3,2,2,2,1,1,g2
1,1,2,3,2,3,2,1,3,g2
1,1,2,3,2,3,2,3,1,g2
1,1,2,3,3,2,1,3,2,g2
1,1,2,3,3,2,3,1,2,g2
1,1,3,1,1,2,2,2,2,g2
1,1,3,1,2,1,2,2,2,g2
1,1,3,1,3,3,2,2,2,g2
1,1,3,2,1,1,2,2,2,g2
1,1,3,2,2,2,1,1,2,g2
1,1,3,2,2,2,1,2,1,g2
1,1,3,2,2,2,1,3,3,g2
1,1,3,2,2,2,2,1,1,g2
1,1,3,2,2,2,3,1,3,g2
1,1,3,2,2,2,3,3,1,g2
1,1,3,3,1,3,2,2,2,g2
1,1,3,3,3,1,2,2,2,g2
1,2,1,1,1,3,2,2,2,g2
1,2,1,1,2,1,2,2,3,g2
1,2,1,1,2,1,3,2,2,g2
1,2,1,1,2,2,3,2,1,g2
1,2,1,1,2,3,2,2,1,g2
1,2,1,1,2,3,3,2,3,g2
1,2,1,1,3,1,2,2,2,g2
1,2,1,2,2,1,1,2,3,g2
1,2,1,2,2,2,1,1,3,g2
1,2,1,2,2,2,1,3,1,g2
1,2,1,2,2,2,3,1,1,g2
1,2,1,2,2,3,1,2,1,g2
1,2,1,3,1,1,2,2,2,g2
1,2,1,3,2,1,1,2,2,g2
1,2,1,3,2,1,3,2,3,g2
1,2,1,3,2,2,1,2,1,g2
1,2,1,3,2,3,1,2,3,g2
1,2,1,3,2,3,3,2,1,g2
1,2,2,1,1,2,3,1,2,g2
1,2,2,1,2,1,2,1,3,g2
1,2,2,1,2,1,2,3,1,g2
1,2,2,1,2,1,3,2,1,g2
1,2,2,1,2,3,2,1,1,g2
1,2,2,3,1,2,1,1,2,g2
1,2,2,3,2,1,1,2,1,g2
1,2,2,3,2,1,2,1,1,g2
1,2,3,1,2,1,2,2,1,g2
1,2,3,1,2,1,3,2,3,g2
1,2,3,1,2,3,3,2,1,g2
1,2,3,2,2,1,1,2,1,g2
1,2,3,3,2,1,1,2,3,g2
1,2,3,3,2,1,3,2,1,g2
1,2,3,3,2,3,1,2,1,g2
1,3,1,1,1,2,2,2,2,g2
1,3,1,1,2,1,2,2,2,g2
1,3,1,1,3,3,2,2,2,g2
1,3,1,2,1,1,2,2,2,g2
1,3,1,2,2,2,1,1,2,g2
1,3,1,2,2,2,1,2,1,g2
1,3,1,2,2,2,1,3,3,g2
1,3,1,2,2,2,2,1,1,g2
1,3,1,2,2,2,3,1,3,g2
1,3,1,2,2,2,3,3,1,g2
1,3,1,3,1,3,2,2,2,g2
1,3,1,3,3,1,2,2,2,g2
1,3,2,1,1,2,2,1,2,g2
1,3,2,1,1,2,3,3,2,g2
1,3,2,1,2,1,2,1,2,g2
1,3,2,1,2,1,2,2,1,g2
1,3,2,1,2,1,2,3,3,g2
1,3,2,1,2,2,2,1,1,g2
1,3,2,1,2,3,2,1,3,g2
1,3,2,1,2,3,2,3,1,g2
1,3,2,1,3,2,3,1,2,g2
1,3,2,2,1,2,1,1,2,g2
1,3,2,2,2,1,2,1,1,g2
1,3,2,3,1,2,1,3,2,g2
1,3,2,3,1,2,3,1,2,g2
1,3,2,3,2,1,2,1,3,g2
1,3,2,3,2,1,2,3,1,g2
1,3,2,3,2,3,2,1,1,g2
1,3,2,3,3,2,1,1,2,g2
1,3,3,1,1,3,2,2,2,g2
1,3,3,1,3,1,2,2,2,g2
1,3,3,2,2,2,1,1,3,g2
1,3,3,2,2,2,1,3,1,g2
1,3,3,2,2,2,3,1,1,g2
1,3,3,3,1,1,2,2,2,g2
2,1,1,1,1,3,2,2,2,g2
2,1,1,1,2,1,2,3,2,g2
2,1,1,1,2,1,3,2,2,g2
2,1,1,1,2,2,1,3,2,g2
2,1,1,1,2,2,3,1,2,g2
2,1,1,1,2,3,1,2,2,g2
2,1,1,1,2,3,2,1,2,g2
2,1,1,1,2,3,3,3,2,g2
2,1,1,1,3,1,2,2,2,g2
2,1,1,2,1,1,2,2,3,g2
2,1,1,2,1,1,2,3,2,g2
2,1,1,2,1,2,2,3,1,g2
2,1,1,2,1,3,2,2,1,g2
2,1,1,2,1,3,2,3,3,g2
2,1,1,2,2,1,1,3,2,g2
2,1,1,2,2,1,2,1,3,g2
2,1,1,2,2,1,3,1,2,g2
2,1,1,2,2,2,1,1,3,g2
2,1,1,2,2,2,1,3,1,g2
2,1,1,2,2,2,3,1,1,g2
2,1,1,2,2,3,1,1,2,g2
2,1,1,2,2,3,2,1,1,g2
2,1,1,2,3,1,2,1,2,g2
2,1,1,2,3,1,2,3,3,g2
2,1,1,2,3,2,2,1,1,g2
2,1,1,2,3,3,2,1,3,g2
2,1,1,2,3,3,2,3,1,g2
2,1,1,3,1,1,2,2,2,g2
2,1,1,3,2,1,1,2,2,g2
2,1,1,3,2,1,2,1,2,g2
2,1,1,3,2,1,3,3,2,g2
2,1,1,3,2,2,1,1,2,g2
2,1,1,3,2,3,1,3,2,g2
2,1,1,3,2,3,3,1,2,g2
2,1,2,1,1,2,1,3,2,g2
2,1,2,1,2,1,1,3,2,g2
2,1,2,1,2,1,2,1,3,g2
2,1,2,1,2,1,2,3,1,g2
2,1,2,1,2,1,3,1,2,g2
2,1,2,1,2,3,1,1,2,g2
2,1,2,1,2,3,2,1,1,g2
2,1,2,1,3,2,1,1,2,g2
2,1,2,2,1,1,2,3,1,g2
2,1,2,2,3,1,2,1,1,g2
2,1,2,3,2,1,1,1,2,g2
2,1,2,3,2,1,2,1,1,g2
2,1,3,1,2,1,1,2,2,g2
2,1,3,1,2,1,2,1,2,g2
2,1,3,1,2,1,3,3,2,g2
2,1,3,1,2,2,1,1,2,g2
2,1,3,1,2,3,1,3,2,g2
2,1,3,1,2,3,3,1,2,g2
2,1,3,2,1,1,2,2,1,g2
2,1,3,2,1,1,2,3,3,g2
2,1,3,2,1,3,2,3,1,g2
2,1,3,2,2,1,1,1,2,g2
2,1,3,2,2,1,2,1,1,g2
2,1,3,2,3,1,2,1,3,g2
2,1,3,2,3,1,2,3,1,g2
2,1,3,2,3,3,2,1,1,g2
2,1,3,3,2,1,1,3,2,g2
2,1,3,3,2,1,3,1,2,g2
2,1,3,3,2,3,1,1,2,g2
2,2,1,1,2,1,1,2,3,g2
2,2,1,1,2,1,1,3,2,g2
2,2,1,1,2,1,3,1,2,g2
2,2,1,1,2,3,1,1,2,g2
2,2,1,1,2,3,1,2,1,g2
2,2,1,2,1,1,2,1,3,g2
2,2,1,2,1,3,2,1,1,g2
2,2,1,3,2,1,1,1,2,g2
2,2,2,1,1,2,1,1,3,g2
2,2,2,1,1,2,1,3,1,g2
2,2,2,1,1,2,3,1,1,g2
2,2,2,1,1,3,1,1,2,g2
2,2,2,1,1,3,1,2,1,g2
2,2,2,1,1,3,1,3,3,g2
2,2,2,1,1,3,2,1,1,g2
2,2,2,1,1,3,3,1,3,g2
2,2,2,1,1,3,3,3,1,g2
2,2,2,1,2,1,1,1,3,g2
2,2,2,1,2,1,1,3,1,g2
2,2,2,1,2,1,3,1,1,g2
2,2,2,1,3,1,1,1,2,g2
2,2,2,1,3,1,1,2,1,g2
2,2,2,1,3,1,1,3,3,g2
2,2,2,1,3,1,2,1,1,g2
2,2,2,1,3,1,3,1,3,g2
2,2,2,1,3,1,3,3,1,g2
2,2,2,1,3,3,1,1,3,g2
2,2,2,1,3,3,1,3,1,g2
2,2,2,1,3,3,3,1,1,g2
2,2,2,2,1,1,1,1,3,g2
2,2,2,2,1,1,1,3,1,g2
2,2,2,2,1,1,3,1,1,g2
2,2,2,3,1,1,1,1,2,g2
2,2,2,3,1,1,1,2,1,g2
2,2,2,3,1,1,1,3,3,g2
2,2,2,3,1,1,2,1,1,g2
2,2,2,3,1,1,3,1,3,g2
2,2,2,3,1,1,3,3,1,g2
2,2,2,3,1,3,1,1,3,g2
2,2,2,3,1,3,1,3,1,g2
2,2,2,3,1,3,3,1,1,g2
2,2,2,3,3,1,1,1,3,g2
2,2,2,3,3,1,1,3,1,g2
2,2,2,3,3,1,3,1,1,g2
2,2,3,1,2,1,1,1,2,g2
2,2,3,1,2,1,1,2,1,g2
2,2,3,2,1,1,2,1,1,g2
2,3,1,1,2,1,1,2,2,g2
2,3,1,1,2,1,2,1,2,g2
2,3,1,1,2,1,3,3,2,g2
2,3,1,1,2,2,1,1,2,g2
2,3,1,1,2,3,1,3,2,g2
2,3,1,1,2,3,3,1,2,g2
2,3,1,2,1,1,2,1,2,g2
2,3,1,2,1,1,2,3,3,g2
2,3,1,2,1,2,2,1,1,g2
2,3,1,2,1,3,2,1,3,g2
2,3,1,2,1,3,2,3,1,g2
2,3,1,2,2,1,1,1,2,g2
2,3,1,2,3,1,2,1,3,g2
2,3,1,2,3,3,2,1,1,g2
2,3,1,3,2,1,1,3,2,g2
2,3,1,3,2,1,3,1,2,g2
2,3,1,3,2,3,1,1,2,g2
2,3,2,1,1,2,1,1,2,g2
2,3,2,1,2,1,1,1,2,g2
2,3,2,1,2,1,2,1,1,g2
2,3,2,2,1,1,2,1,1,g2
2,3,3,1,2,1,1,3,2,g2
2,3,3,1,2,1,3,1,2,g2
2,3,3,1,2,3,1,1,2,g2
2,3,3,2,1,1,2,1,3,g2
2,3,3,2,1,1,2,3,1,g2
2,3,3,2,1,3,2,1,1,g2
2,3,3,2,3,1,2,1,1,g2
2,3,3,3,2,1,1,1,2,g2
3,1,1,1,1,2,2,2,2,g2
3,1,1,1,2,1,2,2,2,g2
3,1,1,1,3,3,2,2,2,g2
3,1,1,2,1,1,2,2,2,g2
3,1,1,2,2,2,1,1,2,g2
3,1,1,2,2,2,1,2,1,g2
3,1,1,2,2,2,1,3,3,g2
3,1,1,2,2,2,2,1,1,g2
3,1,1,2,2,2,3,1,3,g2
3,1,1,2,2,2,3,3,1,g2
3,1,1,3,1,3,2,2,2,g2
3,1,1,3,3,1,2,2,2,g2
3,1,2,1,1,2,1,2,2,g2
3,1,2,1,1,2,3,3,2,g2
3,1,2,1,2,1,2,1,2,g2
3,1,2,1,2,1,2,2,1,g2
3,1,2,1,2,1,2,3,3,g2
3,1,2,1,2,2,1,1,2,g2
3,1,2,1,2,2,2,1,1,g2
3,1,2,1,2,3,2,1,3,g2
3,1,2,1,2,3,2,3,1,g2
3,1,2,1,3,2,1,3,2,g2
3,1,2,1,3,2,3,1,2,g2
3,1,2,2,2,1,2,1,1,g2
3,1,2,3,1,2,1,3,2,g2
3,1,2,3,2,1,2,1,3,g2
3,1,2,3,2,1,2,3,1,g2
3,1,2,3,2,3,2,1,1,g2
3,1,2,3,3,2,1,1,2,g2
3,1,3,1,1,3,2,2,2,g2
3,1,3,1,3,1,2,2,2,g2
3,1,3,2,2,2,1,1,3,g2
3,1,3,2,2,2,1,3,1,g2
3,1,3,2,2,2,3,1,1,g2
3,1,3,3,1,1,2,2,2,g2
3,2,1,1,2,1,1,2,2,g2
3,2,1,1,2,1,3,2,3,g2
3,2,1,1,2,2,1,2,1,g2
3,2,1,1,2,3,1,2,3,g2
3,2,1,1,2,3,3,2,1,g2
3,2,1,3,2,1,1,2,3,g2
3,2,1,3,2,3,1,2,1,g2
3,2,2,1,1,2,1,1,2,g2
3,2,2,1,2,1,1,2,1,g2
3,2,2,1,2,1,2,1,1,g2
3,2,3,1,2,1,1,2,3,g2
3,2,3,1,2,1,3,2,1,g2
3,2,3,1,2,3,1,2,1,g2
3,2,3,3,2,1,1,2,1,g2
3,3,1,1,1,3,2,2,2,g2
3,3,1,1,3,1,2,2,2,g2
3,3,1,2,2,2,1,1,3,g2
3,3,1,2,2,2,1,3,1,g2
3,3,1,2,2,2,3,1,1,g2
3,3,1,3,1,1,2,2,2,g2
3,3,2,1,1,2,1,3,2,g2
3,3,2,1,1,2,3,1,2,g2
3,3,2,1,2,1,2,1,3,g2
3,3,2,1,2,1,2,3,1,g2
3,3,2,1,2,3,2,1,1,g2
3,3,2,1,3,2,1,1,2,g2
3,3,2,3,1,2,1,1,2,g2
3,3,2,3,2,1,2,1,1,g2
1,1,2,2,1,1,1,2,2,g2
1,1,2,2,2,1,1,1,2,g2
1,1,2,2,2,1,1,2,1,g2
1,2,1,1,1,2,2,1,2,g2
1,2,1,1,2,1,2,1,2,g2
1,2,1,1,2,2,2,1,1,g2
1,2,1,2,1,1,2,1,2,g2
1,2,1,2,2,1,1,1,2,g2
1,2,2,2,1,1,1,1,2,g2
2,1,1,1,1,2,2,2,1,g2
2,1,1,1,2,2,1,2,1,g2
2,1,1,1,2,2,2,1,1,g2
2,1,2,1,1,2,1,2,1,g2
2,1,2,1,2,1,1,2,1,g2
2,1,2,2,1,1,1,2,1,g2
2,2,1,1,1,2,2,1,1,g2